                                  MSE ↓               LPIPS ↓               SSIM ↑                  FID ↓                    PSNR ↑         
Method                          5     15     25      5     15     25      5     15     25        5       15       25       5      15      25
--------------------------------------------------------------------------------------------------------------------------------------------
IP2P [BHE23]                0.020  0.110  0.150   0.33   0.69   0.76   0.60   0.23   0.18    105.8    247.0    271.7   17.78   10.15    8.59
  + REED  (paper)           0.020  0.060  0.090   0.18   0.45   0.58   0.80   0.53   0.41     62.8    138.9    188.0   19.81   13.36   11.36
  vanilla (ours)            0.024  0.099  0.142   0.34   0.70   0.76   0.60   0.24   0.19    111.1    258.9    287.7   17.63   10.38    8.75
  + SPNN  (ours)            0.030  0.087  0.118   0.32   0.58   0.67   0.69   0.43   0.33    118.5    201.9    226.5   17.19   11.48    9.83
--------------------------------------------------------------------------------------------------------------------------------------------
MagicBrush [ZMC*23]         0.020  0.080  0.140   0.31   0.71   0.80   0.65   0.21   0.13    103.5    267.0    295.8   18.84   11.35    8.75
  + REED  (paper)           0.010  0.030  0.050   0.19   0.51   0.69   0.81   0.60   0.45     74.7    174.7    223.8   21.53   16.66   14.09
  vanilla (ours)            0.021  0.082  0.138   0.32   0.71   0.79   0.65   0.21   0.13    106.4    274.7    301.8   18.54   11.28    8.75
  + SPNN  (ours)            0.033  0.069  0.099   0.34   0.61   0.72   0.70   0.45   0.33    121.6    215.3    256.2   17.91   12.86   10.78
--------------------------------------------------------------------------------------------------------------------------------------------
DiffEdit [CVSC22]           0.030  0.060  0.080   0.34   0.62   0.73   0.65   0.36   0.21    160.7    246.3    301.9   15.99   12.59   11.21
  + REED  (paper)           0.030  0.070  0.080   0.30   0.55   0.68   0.69   0.48   0.40    160.3    226.9    246.5   16.24   12.91   11.44
  vanilla (ours)            0.028  0.073  0.102   0.36   0.69   0.78   0.63   0.30   0.21    158.9    233.6    248.5   15.73   11.45   10.00
  + SPNN  (ours)            0.030  0.065  0.090   0.37   0.57   0.66   0.67   0.48   0.39    163.7    222.6    237.9   15.61   12.01   10.60
--------------------------------------------------------------------------------------------------------------------------------------------
PbE [YGZ*23]                0.020  0.040  0.070   0.26   0.60   0.71   0.66   0.33   0.22     83.5    209.3    253.6   18.55   13.88   11.74
  + REED  (paper)           0.020  0.030  0.040   0.20   0.44   0.59   0.77   0.61   0.54     74.2    141.1    178.3   19.62   16.19   14.43
  vanilla (ours)            0.011  0.066  0.111   0.31   0.72   0.81   0.65   0.22   0.16    101.1    260.6    280.6   20.10   12.00    9.69
  + SPNN  (ours)            0.013  0.045  0.081   0.27   0.58   0.68   0.75   0.42   0.29    116.9    221.3    258.5   20.23   14.02   11.38
--------------------------------------------------------------------------------------------------------------------------------------------
SD Inpainting [RBL*22]      0.010  0.060  0.110   0.29   0.69   0.78   0.67   0.22   0.14     95.1    255.8    283.4   20.46   12.31    9.72
  + REED  (paper)           0.010  0.030  0.050   0.17   0.47   0.65   0.80   0.57   0.41     72.7    166.1    210.4   23.14   16.66   13.61
  vanilla (ours)            0.010  0.060  0.112   0.28   0.69   0.79   0.69   0.23   0.15     91.8    254.3    291.1   20.88   12.37    9.58
  + SPNN  (ours)            0.015  0.036  0.058   0.27   0.52   0.63   0.74   0.50   0.37    119.4    195.5    239.1   19.69   15.28   12.95
--------------------------------------------------------------------------------------------------------------------------------------------

Rows 1-2: transcribed from REED-VAE Table 1 (SD 2.1 base, VAE swapped in).
Rows 3-4: this reproduction (SD 1.5 family; the baseline is each model's OWN VAE).
n per model: {'ip2p': 179, 'magicbrush': 179, 'diffedit': 179, 'pbe': 179, 'sd_inpaint': 179}
Compare WITHIN each pair (paper vs paper, ours vs ours) — the two setups differ
in base model and in what the 'vanilla' baseline is, so cross-pair deltas mislead.
