                                  MSE ↓               LPIPS ↓               SSIM ↑                  FID ↓                    PSNR ↑         
Method                          5     15     25      5     15     25      5     15     25        5       15       25       5      15      25
--------------------------------------------------------------------------------------------------------------------------------------------
IP2P [BHE23]                0.020  0.110  0.150   0.33   0.69   0.76   0.60   0.23   0.18    105.8    247.0    271.7   17.78   10.15    8.59
  + REED  (paper)           0.020  0.060  0.090   0.18   0.45   0.58   0.80   0.53   0.41     62.8    138.9    188.0   19.81   13.36   11.36
  vanilla (ours)            0.038  0.112  0.147   0.40   0.68   0.74   0.55   0.27   0.23    121.8    213.9    227.0   15.67    9.95    8.67
  + SPNN  (ours)            0.051  0.110  0.134   0.42   0.64   0.70   0.63   0.42   0.35    135.9    188.9    195.8   14.82   10.36    9.19
--------------------------------------------------------------------------------------------------------------------------------------------
MagicBrush [ZMC*23]         0.020  0.080  0.140   0.31   0.71   0.80   0.65   0.21   0.13    103.5    267.0    295.8   18.84   11.35    8.75
  + REED  (paper)           0.010  0.030  0.050   0.19   0.51   0.69   0.81   0.60   0.45     74.7    174.7    223.8   21.53   16.66   14.09
  vanilla (ours)            0.029  0.088  0.143   0.34   0.71   0.79   0.63   0.22   0.15    111.8    251.9    268.6   17.60   11.08    8.62
  + SPNN  (ours)            0.041  0.082  0.112   0.36   0.60   0.71   0.67   0.45   0.35    121.9    198.9    224.7   16.73   12.24   10.38
--------------------------------------------------------------------------------------------------------------------------------------------
DiffEdit [CVSC22]           0.030  0.060  0.080   0.34   0.62   0.73   0.65   0.36   0.21    160.7    246.3    301.9   15.99   12.59   11.21
  + REED  (paper)           0.030  0.070  0.080   0.30   0.55   0.68   0.69   0.48   0.40    160.3    226.9    246.5   16.24   12.91   11.44
  vanilla (ours)            0.028  0.074  0.105   0.36   0.69   0.77   0.63   0.30   0.21    161.0    233.4    246.5   15.78   11.41    9.87
  + SPNN  (ours)            0.031  0.068  0.090   0.38   0.57   0.65   0.66   0.48   0.39    171.1    215.4    231.7   15.36   11.85   10.62
--------------------------------------------------------------------------------------------------------------------------------------------
PbE [YGZ*23]                0.020  0.040  0.070   0.26   0.60   0.71   0.66   0.33   0.22     83.5    209.3    253.6   18.55   13.88   11.74
  + REED  (paper)           0.020  0.030  0.040   0.20   0.44   0.59   0.77   0.61   0.54     74.2    141.1    178.3   19.62   16.19   14.43
  vanilla (ours)            0.019  0.044  0.070   0.26   0.60   0.71   0.66   0.34   0.24     84.8    212.9    251.7   18.64   13.84   11.79
  + SPNN  (ours)            0.023  0.041  0.053   0.29   0.50   0.60   0.71   0.55   0.48    112.2    180.3    211.7   17.98   14.62   13.37
--------------------------------------------------------------------------------------------------------------------------------------------
SD Inpainting [RBL*22]      0.010  0.060  0.110   0.29   0.69   0.78   0.67   0.22   0.14     95.1    255.8    283.4   20.46   12.31    9.72
  + REED  (paper)           0.010  0.030  0.050   0.17   0.47   0.65   0.80   0.57   0.41     72.7    166.1    210.4   23.14   16.66   13.61
  vanilla (ours)            0.018  0.047  0.084   0.26   0.62   0.74   0.67   0.32   0.20     87.0    227.7    276.5   19.13   13.56   10.85
  + SPNN  (ours)            0.024  0.040  0.050   0.29   0.51   0.60   0.71   0.55   0.48    120.5    182.4    222.9   17.93   14.87   13.65
--------------------------------------------------------------------------------------------------------------------------------------------

Rows 1-2: transcribed from REED-VAE Table 1 (SD 2.1 base, VAE swapped in).
Rows 3-4: this reproduction (SD 1.5 family; the baseline is each model's OWN VAE).
n per model: {'ip2p': 179, 'magicbrush': 179, 'diffedit': 179, 'pbe': 179, 'sd_inpaint': 179}
Compare WITHIN each pair (paper vs paper, ours vs ours) — the two setups differ
in base model and in what the 'vanilla' baseline is, so cross-pair deltas mislead.
